1, 2, 3, 4
1, 2, 3, 4
1, 2, 3, 4
1, 2, 3, 4
1, 2, 3, 4
1, 2, 3, 4
5.5155123E8, 5.6996608E8, 5.5532346E8, 5.7424256E8, 5.4259309E8, 5.4150419E8, 5.498921E8, 5.36461952E8, 5.5459104E8, 5.5563386E8, 5.6433594E8, 5.5676403E8, 5.4166893E8, 5.5413171E8, 5.3739866E8, 5.7016339E8, 5.4579309E8
5.5155123E8, 5.6996608E8, 5.5532346E8, 5.7424256E8, 5.4259309E8, 5.4150419E8, 5.498921E8, 5.36461952E8, 5.5459104E8, 5.5563386E8, 5.6433594E8, 5.5676403E8, 5.4166893E8, 5.5413171E8, 5.3739866E8, 5.7016339E8, 5.4579309E8
5.5155123E8, 5.6996608E8, 5.5532346E8, 5.7424256E8, 5.4259309E8, 5.4150419E8, 5.498921E8, 5.36461952E8, 5.5459104E8, 5.5563386E8, 5.6433594E8, 5.5676403E8, 5.4166893E8, 5.5413171E8, 5.3739866E8, 5.7016339E8, 5.4579309E8
5.5155123E8, 5.6996608E8, 5.5532346E8, 5.7424256E8, 5.4259309E8, 5.4150419E8, 5.498921E8, 5.36461952E8, 5.5459104E8, 5.5563386E8, 5.6433594E8, 5.5676403E8, 5.4166893E8, 5.5413171E8, 5.3739866E8, 5.7016339E8, 5.4579309E8
5.5155123E8, 5.6996608E8, 5.5532346E8, 5.7424256E8, 5.4259309E8, 5.4150419E8, 5.498921E8, 5.36461952E8, 5.5459104E8, 5.5563386E8, 5.6433594E8, 5.5676403E8, 5.4166893E8, 5.5413171E8, 5.3739866E8, 5.7016339E8, 5.4579309E8
5.5155123E8, 5.6996608E8, 5.5532346E8, 5.7424256E8, 5.4259309E8, 5.4150419E8, 5.498921E8, 5.36461952E8, 5.5459104E8, 5.5563386E8, 5.6433594E8, 5.5676403E8, 5.4166893E8, 5.5413171E8, 5.3739866E8, 5.7016339E8, 5.4579309E8
